22 serialization::archive 14 0 1 0
0 0 0 7 0 0 0 7 0 0 0 101 32 32 102 32 32 102 99 99 102 32 32 102 32 32 102 32 32 102 32 32 7 0 102 32 32 102 32 32 102 32 32 102 99 99 102 32 32 102 32 32 102 32 32 7 0 102 32 32 102 32 32 102 32 32 102 32 32 102 32 32 102 32 32 102 32 32 7 0 102 32 32 102 32 32 102 32 32 102 32 32 102 32 32 102 32 32 102 32 32 7 0 102 32 32 102 32 32 102 32 32 102 32 32 102 32 32 119 32 32 102 32 32 7 0 102 32 32 119 32 32 119 32 32 119 32 32 119 32 32 119 32 32 102 32 32 7 0 102 32 32 102 32 32 102 32 32 102 32 32 102 114 114 119 32 32 120 32 32 7 7 1 0
1 0 0
2 6 6 5 demo1 5 1 0
3 2 0 6 1 0
4 0 10 NinjaSword 4
5 0 2 6
6 0 12 RobustShield 4
7 1 3 7 1 0
8 1 0 8 1 0
9 114 5 Bully 4
10 6 4